   0.00000000       0.00000000      -4.64299740E-03  -5.29942801E-04
   6.25000000E-02  -1.64007721E-03  -5.09715115E-04  -4.84308584E-05
  0.125000000      -2.45511020E-03  -4.97588888E-04  -2.39687142E-05
  0.187500000      -2.75640050E-03  -4.35726251E-04  -1.82448694E-05
  0.250000000      -2.93248310E-03  -3.00296699E-04  -1.13601327E-05
  0.312500000      -2.79474049E-03  -3.15817975E-04  -1.09785205E-05
  0.375000000      -2.59551406E-03  -2.81206943E-04  -9.06926562E-06
  0.437500000      -2.23797536E-03  -2.66434770E-04  -8.75284513E-06
  0.500000000      -1.80383096E-03  -2.56198255E-04  -8.58538351E-06
  0.562500000      -1.37279474E-03  -2.08877143E-04  -6.95282006E-06
  0.625000000      -9.29988862E-04  -1.68543396E-04  -5.82717712E-06
  0.687500000      -3.98607197E-04  -1.71335298E-04  -5.78093432E-06
  0.750000000       1.51312241E-04  -1.40856384E-04  -4.59024659E-06
  0.812500000       6.86103012E-04  -1.10790999E-04  -3.64977768E-06
  0.875000000       1.20991538E-03  -7.86013479E-05  -2.56942417E-06
  0.937500000       1.69175246E-03  -3.68852852E-05  -1.53574729E-06
   1.00000000       2.29779258E-03  -9.66226871E-05  -2.99675412E-06
   1.06250000       3.10746161E-03  -8.81873075E-06  -7.27432194E-08
   1.12500000       3.68912495E-03   1.22474130E-05   2.21615153E-07
   1.18750000       4.10813326E-03   6.21424988E-05   1.10229189E-06
   1.25000000       4.36823023E-03   7.61527044E-05   1.87394539E-06
   1.31250000       4.40849736E-03   9.23952175E-05   3.60993681E-06
   1.37500000       4.32681898E-03   1.02938226E-04   4.76929563E-06
   1.43750000       4.14485158E-03   1.12259062E-04   5.85995576E-06
   1.50000000       3.93827679E-03   1.11227571E-04   6.52571271E-06
   1.56250000       3.69389565E-03   9.52361443E-05   6.31917646E-06
   1.62500000       3.42601538E-03   9.31978793E-05   6.55796293E-06
   1.68750000       3.03107477E-03   1.14251467E-04   9.25044606E-06
   1.75000000       2.53111287E-03   1.30205372E-04   1.24723874E-05
   1.81250000       1.96227478E-03   1.80951145E-04   1.88400409E-05
   1.87500000       1.45145017E-03   2.03303673E-04   2.61813457E-05
   1.93750000       7.32130895E-04   3.66762164E-04   7.86545497E-05
   2.00000000       0.00000000       2.02380237E-03   5.07619814E-04
