   3.12500000E-02   6.23961650E-02   6.46133094E-06
   9.37500000E-02   5.27678207E-02   7.70508661E-04
  0.156250000       4.44740541E-02   1.03328831E-03
  0.218750000       3.81511673E-02   1.29736529E-03
  0.281250000       3.36786695E-02   1.50457479E-03
  0.343750000       3.06695085E-02   1.67857949E-03
  0.406250000       2.80403700E-02   1.81242300E-03
  0.468750000       2.58634202E-02   1.90773467E-03
  0.531250000       2.38956995E-02   1.99041236E-03
  0.593750000       2.23198477E-02   2.04110867E-03
  0.656250000       2.10194401E-02   2.05218233E-03
  0.718750000       1.94656625E-02   2.02537258E-03
  0.781250000       1.77006032E-02   1.97965722E-03
  0.843750000       1.58576258E-02   1.89086748E-03
  0.906250000       1.40837273E-02   1.76395115E-03
  0.968750000       1.25052612E-02   1.59678876E-03
   1.03125000       1.12251667E-02   1.51421526E-03
   1.09375000       9.88434162E-03   1.34565553E-03
   1.15625000       8.75291508E-03   1.09712197E-03
   1.21875000       7.66839227E-03   8.71482771E-04
   1.28125000       6.75464608E-03   7.16714829E-04
   1.34375000       6.14324166E-03   6.23057014E-04
   1.40625000       5.73183130E-03   5.56535902E-04
   1.46875000       5.48268855E-03   5.10338286E-04
   1.53125000       5.34269679E-03   4.77281777E-04
   1.59375000       5.19948173E-03   4.35176393E-04
   1.65625000       5.07133454E-03   3.90680158E-04
   1.71875000       5.00858016E-03   3.45050794E-04
   1.78125000       5.03622321E-03   2.96448794E-04
   1.84375000       5.08399354E-03   2.33762315E-04
   1.90625000       5.09351725E-03   1.56136433E-04
   1.96875000       4.50292183E-03   4.68583039E-06
