   0.00000000       0.00000000      -1.56089707E-04  -2.03776453E-05
   6.25000000E-02  -1.89442784E-04   7.11367920E-06   1.17647971E-06
  0.125000000      -3.42358340E-04   1.28260253E-05   1.50164169E-06
  0.187500000      -4.75008710E-04   1.53611381E-05   1.24402334E-06
  0.250000000      -5.77624771E-04   2.99173826E-05   1.26853899E-06
  0.312500000      -6.31711038E-04   4.02835940E-05   1.24934957E-06
  0.375000000      -6.48304122E-04   5.26065451E-05   1.49395999E-06
  0.437500000      -6.36650366E-04   6.61114464E-05   1.70665692E-06
  0.500000000      -5.79156156E-04   6.29634887E-05   1.68928489E-06
  0.562500000      -4.74653410E-04   3.46031629E-05   1.32797288E-06
  0.625000000      -3.51014052E-04   6.31181592E-06   7.66643950E-07
  0.687500000      -2.37089946E-04  -5.28464125E-06   3.47805411E-07
  0.750000000      -1.32593865E-04  -3.21214725E-06   1.68872560E-07
  0.812500000      -3.38316386E-05   2.35647190E-06  -1.60689254E-07
  0.875000000       5.40876645E-05   1.41870078E-05  -2.66409984E-07
  0.937500000       1.35223687E-04   2.15039654E-05  -2.82436446E-07
   1.00000000       2.11816587E-04   2.17808101E-05  -7.20314830E-08
   1.06250000       2.55522289E-04   6.22174548E-06  -1.72467310E-07
   1.12500000       2.75112427E-04   3.01548698E-06  -1.61701280E-07
   1.18750000       2.86720926E-04  -2.65242602E-06  -3.03022489E-07
   1.25000000       2.78930442E-04   1.87704995E-06  -1.00653622E-07
   1.31250000       2.69202224E-04   1.39967813E-06  -9.21283814E-08
   1.37500000       2.50655285E-04   1.40929671E-06  -1.89524158E-07
   1.43750000       2.22436967E-04  -2.34075765E-06  -4.05451914E-07
   1.50000000       1.79003284E-04  -3.29831437E-06  -3.60630168E-07
   1.56250000       1.34874048E-04  -3.44797331E-06  -3.88698112E-07
   1.62500000       9.59463505E-05   3.18252614E-06  -1.09274183E-07
   1.68750000       7.15744463E-05   9.47428077E-07   4.24503141E-11
   1.75000000       5.65531227E-05  -3.28331521E-06  -2.22542084E-07
   1.81250000       4.21466139E-05  -2.99021451E-07  -1.99425372E-07
   1.87500000       2.42837359E-05   4.76268588E-06   7.67741923E-08
   1.93750000       4.44247235E-06   4.14741453E-06   4.38732854E-07
   2.00000000       0.00000000      -1.24308490E-05  -1.38389328E-06
