   3.12500000E-02   5.95133677E-02   1.73335902E-05
   9.37500000E-02   6.03800602E-02   1.15873199E-03
  0.156250000       5.71953841E-02   1.54335005E-03
  0.218750000       5.53387552E-02   1.93008629E-03
  0.281250000       5.41262366E-02   2.23128544E-03
  0.343750000       5.37431464E-02   2.48800800E-03
  0.406250000       5.32685667E-02   2.68738158E-03
  0.468750000       5.25739342E-02   2.82669044E-03
  0.531250000       5.10951132E-02   2.94884364E-03
  0.593750000       5.02013564E-02   3.02413525E-03
  0.656250000       4.90978323E-02   3.03867250E-03
  0.718750000       4.72451225E-02   2.99766683E-03
  0.781250000       4.49988246E-02   2.93152756E-03
  0.843750000       4.24265265E-02   2.80059921E-03
  0.906250000       3.96460630E-02   2.61205621E-03
  0.968750000       3.66740376E-02   2.36406084E-03
   1.03125000       3.61647047E-02   2.25826516E-03
   1.09375000       3.14894132E-02   2.00791797E-03
   1.15625000       2.72960253E-02   1.63802586E-03
   1.21875000       2.34996546E-02   1.29882095E-03
   1.28125000       2.07044985E-02   1.06616679E-03
   1.34375000       1.90251619E-02   9.24716645E-04
   1.40625000       1.79255977E-02   8.26247619E-04
   1.46875000       1.72238890E-02   7.58868933E-04
   1.53125000       1.67305972E-02   7.09293818E-04
   1.59375000       1.59847550E-02   6.45272841E-04
   1.65625000       1.50638744E-02   5.77938743E-04
   1.71875000       1.43177165E-02   5.09654114E-04
   1.78125000       1.40468571E-02   4.37273586E-04
   1.84375000       1.33519415E-02   3.43109743E-04
   1.90625000       1.46966306E-02   2.28356308E-04
   1.96875000       1.05212843E-02   7.66025460E-06
