   3.12500000E-02  0.669863760       2.56443992E-02
   9.37500000E-02  0.790940464       2.27031987E-02
  0.156250000      0.850863039       1.89491045E-02
  0.218750000      0.896474421       1.58390198E-02
  0.281250000      0.924874902       1.26676913E-02
  0.343750000      0.952321649       9.54431854E-03
  0.406250000      0.974994481       5.80942119E-03
  0.468750000      0.996876597       1.54277624E-03
  0.531250000       1.01834011      -2.68043648E-03
  0.593750000       1.03572190      -6.00037025E-03
  0.656250000       1.05028927      -7.91697949E-03
  0.718750000       1.06474257      -8.78649112E-03
  0.781250000       1.07621777      -9.20868106E-03
  0.843750000       1.08534265      -8.80695600E-03
  0.906250000       1.09176600      -8.14092532E-03
  0.968750000       1.09560585      -7.43483892E-03
   1.03125000       1.08993924      -7.20479619E-03
   1.09375000       1.09012115      -6.77361526E-03
   1.15625000       1.08956742      -6.36936817E-03
   1.21875000       1.08681190      -5.61181782E-03
   1.28125000       1.08212721      -5.36018237E-03
   1.34375000       1.07310212      -5.12985885E-03
   1.40625000       1.06117821      -4.65605315E-03
   1.46875000       1.04652810      -3.64241935E-03
   1.53125000       1.03021431      -2.74084462E-03
   1.59375000       1.01441681      -1.76909915E-03
   1.65625000      0.998021543      -1.49591267E-03
   1.71875000      0.974895835      -1.49601989E-03
   1.78125000      0.943714917      -9.39663674E-04
   1.84375000      0.896614313      -4.41099139E-04
   1.90625000      0.831161082      -6.33034681E-04
   1.96875000      0.634524703      -1.72986719E-03
