   3.12500000E-02   1.66202858E-02
   9.37500000E-02   4.04169317E-03
  0.156250000       3.23893176E-03
  0.218750000       3.07045225E-03
  0.281250000       2.99173524E-03
  0.343750000       3.01159034E-03
  0.406250000       3.06969043E-03
  0.468750000       3.17854900E-03
  0.531250000       3.17593175E-03
  0.593750000       3.06479004E-03
  0.656250000       3.03028058E-03
  0.718750000       2.95049860E-03
  0.781250000       2.86374916E-03
  0.843750000       2.78121675E-03
  0.906250000       2.61779921E-03
  0.968750000       2.38969480E-03
   1.03125000       2.56170635E-03
   1.09375000       2.03004363E-03
   1.15625000       1.57970388E-03
   1.21875000       1.24928274E-03
   1.28125000       1.03440287E-03
   1.34375000       8.92265118E-04
   1.40625000       8.11497739E-04
   1.46875000       7.52491527E-04
   1.53125000       6.90739718E-04
   1.59375000       6.18717168E-04
   1.65625000       5.58715372E-04
   1.71875000       5.24283329E-04
   1.78125000       5.16943459E-04
   1.84375000       5.82462235E-04
   1.90625000       1.25315867E-03
   1.96875000       1.23995114E-02
