   3.12500000E-02   5.56954443E-02   7.37115852E-06
   9.37500000E-02   6.47273064E-02   7.59857881E-04
  0.156250000       6.41032457E-02   1.01777900E-03
  0.218750000       6.47553205E-02   1.27418118E-03
  0.281250000       6.55035973E-02   1.47634919E-03
  0.343750000       6.69793487E-02   1.65009929E-03
  0.406250000       6.82491064E-02   1.78531627E-03
  0.468750000       6.88188076E-02   1.87894260E-03
  0.531250000       6.77012205E-02   1.96097628E-03
  0.593750000       6.74308538E-02   2.01288587E-03
  0.656250000       6.65141344E-02   2.02431623E-03
  0.718750000       6.43415451E-02   1.99825037E-03
  0.781250000       6.15475178E-02   1.95467705E-03
  0.843750000       5.81115484E-02   1.86738383E-03
  0.906250000       5.40666580E-02   1.74291921E-03
  0.968750000       4.92664576E-02   1.57777360E-03
   1.03125000       4.91366386E-02   1.51409232E-03
   1.09375000       4.09476757E-02   1.34141138E-03
   1.15625000       3.37842703E-02   1.08854030E-03
   1.21875000       2.77993679E-02   8.59286694E-04
   1.28125000       2.40949392E-02   7.02696620E-04
   1.34375000       2.26725340E-02   6.07843103E-04
   1.40625000       2.23782063E-02   5.41994639E-04
   1.46875000       2.27078199E-02   4.96957800E-04
   1.53125000       2.31978893E-02   4.63445671E-04
   1.59375000       2.29557753E-02   4.21025819E-04
   1.65625000       2.21245289E-02   3.76614393E-04
   1.71875000       2.14182734E-02   3.31432995E-04
   1.78125000       2.14706659E-02   2.83051282E-04
   1.84375000       2.05918550E-02   2.21038150E-04
   1.90625000       2.37744451E-02   1.48638283E-04
   1.96875000       1.63942873E-02   5.03435649E-06
