   6.25000000E-02   1.87024986E-03   4.16281604E-04
  0.125000000       4.65973886E-03   9.28379828E-04
  0.187500000       6.96720462E-03   1.17853156E-03
  0.250000000       8.57484620E-03   1.40277343E-03
  0.312500000       9.56557039E-03   1.58507738E-03
  0.375000000       1.01092961E-02   1.73501577E-03
  0.437500000       1.03860069E-02   1.84703176E-03
  0.500000000       1.05452612E-02   1.93566200E-03
  0.562500000       1.06413625E-02   2.00217310E-03
  0.625000000       1.06626572E-02   2.03050673E-03
  0.687500000       1.06615201E-02   2.01931526E-03
  0.750000000       1.07045565E-02   1.98230590E-03
  0.812500000       1.07944971E-02   1.91872497E-03
  0.875000000       1.09732747E-02   1.81536295E-03
  0.937500000       1.13102105E-02   1.67091668E-03
   1.00000000       1.18425023E-02   1.54498697E-03
   1.06250000       1.20927086E-02   1.42308173E-03
   1.12500000       1.22009134E-02   1.21781207E-03
   1.18750000       1.19088134E-02   9.83148697E-04
   1.25000000       1.11542875E-02   7.92565756E-04
   1.31250000       9.96453594E-03   6.67350309E-04
   1.37500000       8.50456301E-03   5.87475835E-04
   1.43750000       6.97775139E-03   5.33552491E-04
   1.50000000       5.53678814E-03   4.95849177E-04
   1.56250000       4.30443324E-03   4.57756483E-04
   1.62500000       3.32407467E-03   4.13298112E-04
   1.68750000       2.53969501E-03   3.67531786E-04
   1.75000000       1.87746319E-03   3.20628547E-04
   1.81250000       1.29618589E-03   2.65222770E-04
   1.87500000       7.59883376E-04   1.95872432E-04
   1.93750000       2.90716474E-04   8.35902902E-05
