   3.12500000E-02   7.37660900E-02   2.94988677E-05
   9.37500000E-02   6.07916117E-02   2.74467911E-03
  0.156250000       5.26609235E-02   4.88101365E-03
  0.218750000       4.63695079E-02   6.39551226E-03
  0.281250000       4.11548354E-02   7.07411719E-03
  0.343750000       3.76497395E-02   7.29915313E-03
  0.406250000       3.52567434E-02   7.37734558E-03
  0.468750000       3.33859548E-02   7.39055267E-03
  0.531250000       3.16001438E-02   7.27928523E-03
  0.593750000       2.96742115E-02   6.96259784E-03
  0.656250000       2.73278877E-02   6.44888729E-03
  0.718750000       2.48261206E-02   5.87260351E-03
  0.781250000       2.25416478E-02   5.13111195E-03
  0.843750000       2.03493703E-02   4.39510262E-03
  0.906250000       1.83004141E-02   3.79059976E-03
  0.968750000       1.62740443E-02   3.23013798E-03
   1.03125000       1.43554546E-02   2.85886507E-03
   1.09375000       1.23553779E-02   2.49678176E-03
   1.15625000       1.07477959E-02   2.14745733E-03
   1.21875000       9.41960886E-03   1.89742423E-03
   1.28125000       8.38030037E-03   1.68261607E-03
   1.34375000       7.60952290E-03   1.51764276E-03
   1.40625000       7.07104290E-03   1.39092002E-03
   1.46875000       6.67712325E-03   1.37402175E-03
   1.53125000       6.51076762E-03   1.28756627E-03
   1.59375000       6.54672831E-03   1.18151295E-03
   1.65625000       6.66495366E-03   1.12293172E-03
   1.71875000       6.81449985E-03   1.07853883E-03
   1.78125000       6.97124517E-03   1.00818684E-03
   1.84375000       6.80948608E-03   8.89208284E-04
   1.90625000       7.02981697E-03   6.28407812E-04
   1.96875000       7.38390395E-03   4.76962578E-06
