   0.00000000       0.00000000      -1.68844685E-03  -5.41061221E-04
   6.25000000E-02  -1.60662679E-03  -6.26776135E-04  -5.37572814E-05
  0.125000000      -2.44553201E-03  -5.70030767E-04  -2.28229965E-05
  0.187500000      -3.03549040E-03  -5.39634435E-04  -1.72733180E-05
  0.250000000      -3.50152049E-03  -3.41943785E-04  -9.95176470E-06
  0.312500000      -3.55849019E-03  -3.25293047E-04  -8.91823311E-06
  0.375000000      -3.42094363E-03  -2.77035579E-04  -7.35157664E-06
  0.437500000      -3.04563181E-03  -2.63378111E-04  -7.06460196E-06
  0.500000000      -2.53915321E-03  -2.39252186E-04  -6.38054644E-06
  0.562500000      -1.91046717E-03  -2.09498889E-04  -6.03509898E-06
  0.625000000      -1.18808588E-03  -1.81206415E-04  -5.54416920E-06
  0.687500000      -4.19152435E-04  -1.60970769E-04  -5.21181300E-06
  0.750000000       2.92656565E-04  -1.25399980E-04  -4.13461112E-06
  0.812500000       9.24733991E-04  -9.04709959E-05  -3.02196077E-06
  0.875000000       1.50507118E-03  -5.56048726E-05  -1.90288540E-06
  0.937500000       1.99387898E-03  -2.86690538E-05  -9.71798613E-07
   1.00000000       2.61393329E-03  -1.09158042E-04  -2.10950247E-06
   1.06250000       3.44959623E-03  -1.37888310E-05   1.32459760E-07
   1.12500000       4.00699861E-03  -3.63929175E-05   2.72698259E-07
   1.18750000       4.31345496E-03   2.18721671E-05   1.45531260E-06
   1.25000000       4.47545154E-03   5.12858096E-05   2.17679280E-06
   1.31250000       4.49574832E-03   7.14913913E-05   3.19229707E-06
   1.37500000       4.48569003E-03   7.35334470E-05   3.78933396E-06
   1.43750000       4.43102606E-03   8.20090718E-05   4.29180363E-06
   1.50000000       4.32957802E-03   1.00369201E-04   5.11045482E-06
   1.56250000       4.13360773E-03   1.01256745E-04   5.39426037E-06
   1.62500000       3.89864296E-03   8.79587387E-05   5.27955581E-06
   1.68750000       3.55843990E-03   8.67260678E-05   6.21714435E-06
   1.75000000       3.09796771E-03   9.95499140E-05   8.57232953E-06
   1.81250000       2.43356545E-03   2.06081924E-04   1.87728856E-05
   1.87500000       1.94219151E-03   1.37110401E-04   2.15020264E-05
   1.93750000       1.22581108E-03   3.00329499E-04   8.10733254E-05
   2.00000000       0.00000000       8.77438870E-04   5.27363736E-04
