   0.00000000       0.00000000       2.46666768E-05   6.09929521E-06
   6.25000000E-02   9.09576847E-05  -2.67060364E-06  -6.39080099E-07
  0.125000000       1.98960232E-04  -1.91186427E-05   8.87612117E-08
  0.187500000       2.70220160E-04  -1.09842413E-05  -2.28049103E-07
  0.250000000       3.29020550E-04   1.88090689E-05  -3.36192471E-07
  0.312500000       3.84927582E-04   6.20435821E-05  -3.79836855E-08
  0.375000000       4.75762674E-04   7.21209653E-05   2.53934340E-09
  0.437500000       5.99933439E-04   2.98232062E-05  -2.66989304E-07
  0.500000000       6.97220734E-04  -1.37056322E-05  -6.59051182E-07
  0.562500000       7.36885238E-04  -2.13482544E-05  -6.95758445E-07
  0.625000000       7.33707566E-04  -1.48058634E-05  -6.46889646E-07
  0.687500000       7.03637488E-04   1.17189666E-05  -4.39976361E-07
  0.750000000       6.73112110E-04   2.05735996E-05  -2.24626262E-07
  0.812500000       6.41516468E-04   4.61968830E-06  -3.31955704E-07
  0.875000000       6.04573172E-04  -1.10222363E-05  -4.80247820E-07
  0.937500000       5.48932760E-04  -2.07133598E-05  -6.00824308E-07
   1.00000000       4.90867707E-04  -2.28494027E-05  -4.89141200E-07
   1.06250000       4.15986811E-04  -2.93737412E-05  -4.03594782E-07
   1.12500000       3.30241543E-04  -1.05980944E-05  -5.22976649E-08
   1.18750000       2.43325412E-04   5.88397825E-06   5.56241915E-08
   1.25000000       1.61157135E-04   1.88804097E-05   2.50510595E-07
   1.31250000       9.23676125E-05   2.28732351E-05   3.04263892E-07
   1.37500000       2.75727434E-05   2.31600425E-05   4.54508154E-07
   1.43750000      -3.10695068E-05   2.02385399E-05   4.98869724E-07
   1.50000000      -7.80565097E-05   1.81113519E-05   4.86957560E-07
   1.56250000      -1.08785665E-04   1.59914835E-05   4.33917762E-07
   1.62500000      -1.23875972E-04   1.53303936E-05   4.76745555E-07
   1.68750000      -1.24272134E-04   1.35692326E-05   5.34974731E-07
   1.75000000      -1.09712491E-04   1.25246625E-05   4.33779775E-07
   1.81250000      -8.10648780E-05   5.33151933E-06   1.86005636E-07
   1.87500000      -5.26254771E-05   3.44543696E-06  -2.50372892E-07
   1.93750000      -3.07700029E-05   1.07872893E-05   6.39689404E-07
   2.00000000       0.00000000      -6.23868709E-06  -2.30140517E-06
