   6.25000000E-02   0.00000000       0.00000000    
  0.125000000       0.00000000       0.00000000    
  0.187500000       0.00000000       0.00000000    
  0.250000000       0.00000000       0.00000000    
  0.312500000       0.00000000       0.00000000    
  0.375000000       0.00000000       0.00000000    
  0.437500000       0.00000000       0.00000000    
  0.500000000       0.00000000       0.00000000    
  0.562500000       0.00000000       0.00000000    
  0.625000000       0.00000000       0.00000000    
  0.687500000       0.00000000       0.00000000    
  0.750000000       0.00000000       0.00000000    
  0.812500000       0.00000000       0.00000000    
  0.875000000       0.00000000       0.00000000    
  0.937500000       0.00000000       0.00000000    
   1.00000000       0.00000000       0.00000000    
   1.06250000       0.00000000       0.00000000    
   1.12500000       0.00000000       0.00000000    
   1.18750000       0.00000000       0.00000000    
   1.25000000       0.00000000       0.00000000    
   1.31250000       0.00000000       0.00000000    
   1.37500000       0.00000000       0.00000000    
   1.43750000       0.00000000       0.00000000    
   1.50000000       0.00000000       0.00000000    
   1.56250000       0.00000000       0.00000000    
   1.62500000       0.00000000       0.00000000    
   1.68750000       0.00000000       0.00000000    
   1.75000000       0.00000000       0.00000000    
   1.81250000       0.00000000       0.00000000    
   1.87500000       0.00000000       0.00000000    
   1.93750000       0.00000000       0.00000000    
