   3.12500000E-02   0.00000000    
   9.37500000E-02   0.00000000    
  0.156250000       0.00000000    
  0.218750000       0.00000000    
  0.281250000       0.00000000    
  0.343750000       0.00000000    
  0.406250000       0.00000000    
  0.468750000       0.00000000    
  0.531250000       0.00000000    
  0.593750000       0.00000000    
  0.656250000       0.00000000    
  0.718750000       0.00000000    
  0.781250000       0.00000000    
  0.843750000       0.00000000    
  0.906250000       0.00000000    
  0.968750000       0.00000000    
   1.03125000       0.00000000    
   1.09375000       0.00000000    
   1.15625000       0.00000000    
   1.21875000       0.00000000    
   1.28125000       0.00000000    
   1.34375000       0.00000000    
   1.40625000       0.00000000    
   1.46875000       0.00000000    
   1.53125000       0.00000000    
   1.59375000       0.00000000    
   1.65625000       0.00000000    
   1.71875000       0.00000000    
   1.78125000       0.00000000    
   1.84375000       0.00000000    
   1.90625000       0.00000000    
   1.96875000       0.00000000    
