   3.12500000E-02  0.683904231      -7.67570594E-03
   9.37500000E-02  0.818297386      -6.07800437E-03
  0.156250000      0.875354648      -6.29990734E-03
  0.218750000      0.918538272      -5.72978426E-03
  0.281250000      0.943418026      -4.88930428E-03
  0.343750000      0.965713024      -4.79434337E-03
  0.406250000      0.984091759      -4.80069360E-03
  0.468750000       1.00175357      -4.13321471E-03
  0.531250000       1.01770520      -2.48558726E-03
  0.593750000       1.03279328      -7.46195030E-04
  0.656250000       1.04665267       8.71028518E-04
  0.718750000       1.05968261       1.97097007E-03
  0.781250000       1.07001936       2.53253640E-03
  0.843750000       1.07757425       3.36242490E-03
  0.906250000       1.08233130       4.56304476E-03
  0.968750000       1.08476067       6.06510695E-03
   1.03125000       1.07728565       7.24719744E-03
   1.09375000       1.07695508       8.25618114E-03
   1.15625000       1.07627285       8.38693138E-03
   1.21875000       1.07263458       8.24786816E-03
   1.28125000       1.06719291       7.62159145E-03
   1.34375000       1.05921221       6.86093420E-03
   1.40625000       1.04973888       5.72466012E-03
   1.46875000       1.03900898       4.47749021E-03
   1.53125000       1.02623332       3.26009281E-03
   1.59375000       1.01274729       2.17529852E-03
   1.65625000      0.999548554       9.83435428E-04
   1.71875000      0.984005809      -3.54001240E-04
   1.78125000      0.962574959      -1.43845344E-03
   1.84375000      0.915642738      -1.90346490E-03
   1.90625000      0.861887813      -1.27753476E-03
   1.96875000      0.659204364      -2.87675764E-03
