   3.12500000E-02   6.62691891E-02   2.61624227E-05
   9.37500000E-02   8.02253485E-02   2.67250929E-03
  0.156250000       7.93380737E-02   4.79248865E-03
  0.218750000       8.37714672E-02   6.29725773E-03
  0.281250000       8.54632854E-02   6.97646616E-03
  0.343750000       8.69918466E-02   7.19833327E-03
  0.406250000       8.78551006E-02   7.28345849E-03
  0.468750000       8.77538919E-02   7.30679277E-03
  0.531250000       8.66789818E-02   7.20318733E-03
  0.593750000       8.58780146E-02   6.89716870E-03
  0.656250000       8.47040415E-02   6.38903119E-03
  0.718750000       8.23298693E-02   5.81464311E-03
  0.781250000       7.86341429E-02   5.07884752E-03
  0.843750000       7.50433207E-02   4.34732018E-03
  0.906250000       7.13262558E-02   3.74682620E-03
  0.968750000       6.59106970E-02   3.19004524E-03
   1.03125000       6.36255741E-02   2.83844932E-03
   1.09375000       5.01158237E-02   2.48213974E-03
   1.15625000       3.83086205E-02   2.13635573E-03
   1.21875000       3.03201675E-02   1.88733113E-03
   1.28125000       2.61430740E-02   1.67186942E-03
   1.34375000       2.49511003E-02   1.50698458E-03
   1.40625000       2.51775980E-02   1.37886545E-03
   1.46875000       2.54616737E-02   1.36094494E-03
   1.53125000       2.53990889E-02   1.27404660E-03
   1.59375000       2.48343945E-02   1.16610865E-03
   1.65625000       2.39979625E-02   1.10390270E-03
   1.71875000       2.34313011E-02   1.05526228E-03
   1.78125000       2.52369046E-02   9.80379991E-04
   1.84375000       2.55041122E-02   8.62863206E-04
   1.90625000       3.58992219E-02   6.07325404E-04
   1.96875000       2.76714563E-02   4.96281882E-06
