   3.12500000E-02   7.04594851E-02   4.88544974E-05
   9.37500000E-02   7.19434321E-02   4.06061905E-03
  0.156250000       6.84777275E-02   7.25388713E-03
  0.218750000       6.84603900E-02   9.52097774E-03
  0.281250000       6.74705058E-02   1.05422763E-02
  0.343750000       6.71276599E-02   1.08765522E-02
  0.406250000       6.68921396E-02   1.09987287E-02
  0.468750000       6.63306937E-02   1.10266348E-02
  0.531250000       6.52297884E-02   1.08630443E-02
  0.593750000       6.41045272E-02   1.03927562E-02
  0.656250000       6.25229850E-02   9.61978547E-03
  0.718750000       6.02545589E-02   8.75269901E-03
  0.781250000       5.74570522E-02   7.64619140E-03
  0.843750000       5.47937192E-02   6.54722378E-03
  0.906250000       5.21899797E-02   5.64604718E-03
  0.968750000       4.88233827E-02   4.81178379E-03
   1.03125000       4.70068455E-02   4.27183835E-03
   1.09375000       3.93061265E-02   3.73406219E-03
   1.15625000       3.23445126E-02   3.21310339E-03
   1.21875000       2.70801168E-02   2.84020719E-03
   1.28125000       2.36030631E-02   2.51888577E-03
   1.34375000       2.16281321E-02   2.27234722E-03
   1.40625000       2.04928219E-02   2.08071736E-03
   1.46875000       1.95682459E-02   2.05523195E-03
   1.53125000       1.87313557E-02   1.92571874E-03
   1.59375000       1.78864636E-02   1.76511228E-03
   1.65625000       1.70643982E-02   1.67434569E-03
   1.71875000       1.64731685E-02   1.60427310E-03
   1.78125000       1.71097536E-02   1.49461091E-03
   1.84375000       1.68364979E-02   1.31632516E-03
   1.90625000       2.18421295E-02   9.22748586E-04
   1.96875000       1.76444929E-02   8.41946985E-06
